原码       频率       哈夫曼编码                                                                                           长度  十进制    
0          0          1010011001101000111111111111111111111111111111111100011111001001001010110111110100                   82    18446744069937081844
1          0          10100110011010001111111111111111111111111111111111000111111                                          59    374722358839082559
2          0          1010011001101000111111111111111111111111111111111100011111001001001010110111110101                   82    18446744069937081845
3          0          10100110011010001111111111111111111111111111100                                                      47    91484950888444
4          0          10100110011010001111111111111111111111111011100011110                                                53    5855036856858398
5          0          1010011001101000111111111111111111111111111111111100011111001001011010                               70    11114883880349463130
6          0          1010011001101000111111111111111111111111111111111100011111001001001010110111110110                   82    18446744069937081846
7          0          1010011001101000111111111111110                                                                      31    1395949566
8          0          10100110011010001111111111111111111111111111101                                                      47    91484950888445
9          69         1110001010                                                                                           10    906       
10         431        1010001                                                                                              7     81        
11         0          10100110011010001111111111111111111111111111111111000111110011111                                    65    5535486891991732127
12         0          1010011001101000111111111111111111111111111111111100011111001001011011                               70    11114883880349463131
13         431        1010010                                                                                              7     82        
14         0          1010011001101000111111111111111111111111111111111100011111001001001010110111110111                   82    18446744069937081847
15         0          10100110011010001111110                                                                              23    5452926   
16         0          101001100110100011111111111110                                                                       30    697974782 
17         0          10100110011010001111111111111111111110                                                               38    178681544702
18         0          101001100110100011111111111111111111111111100                                                        45    22871237722108
19         0          101001100110100011111111111111111111111110111001                                                     48    182969901776825
20         0          101001100110100011111111111111111111111110111110                                                     48    182969901776830
21         0          10100110011010001111111111111111111111111011100011111                                                53    5855036856858399
22         0          1010011001101000111111111111111111111111111111110000                                                 52    2927518428430320
23         0          1010011001101000111111111111111111111111111111111100001111010                                        61    1498889435356330106
24         0          10100110011010001111111111111111111111111111111111000111110101110                                    65    5535486891991732142
25         0          10100110011010001111111111111111111111111111111111000111110011110100                                 68    7390406988514753780
26         0          1010011001101000111111111111111111111111111111111100011111001001011100                               70    11114883880349463132
27         0          101001100110100011111111111111111111111111111111110001111100100100101011101                          75    5188146770701338973
28         0          10100110011010001111111111111111111111111111111111000111110011101000                                 68    7390406988514753768
29         0          10100110011010001111111111111111111111111111111111000111110010010010101101000                        77    2305843009095804264
30         0          1010011001101000111111111111111111111111111111111100011111001001001010111001100110                   82    18446744069937081958
31         0          1010011001101000110                                                                                  19    340806    
32         8151       110                                                                                                  3     6         
33         4          0010010100000                                                                                        13    1184      
34         206        10010110                                                                                             8     150       
35         0          1010011001101000111111111111111110                                                                   34    11167596542
36         4          10100110011011                                                                                       14    10651     
37         0          10100110011010001111111111111111111111110                                                            41    1429452357630
38         10         001001010001                                                                                         12    593       
39         116        101100110                                                                                            9     358       
40         72         1110100100                                                                                           10    932       
41         72         1110100101                                                                                           10    933       
42         0          101001100110100011111111111111111111111110111111                                                     48    182969901776831
43         0          10100110011010001111111111111111110100                                                               38    178681544692
44         666        001010                                                                                               6     10        
45         145        111010011                                                                                            9     467       
46         787        100001                                                                                               6     33        
47         3          10100110001110                                                                                       14    10638     
48         340        0010110                                                                                              7     22        
49         596        1110110                                                                                              7     118       
50         349        0101010                                                                                              7     42        
51         271        11100001                                                                                             8     225       
52         169        00100111                                                                                             8     39        
53         187        10010100                                                                                             8     148       
54         142        111010001                                                                                            9     465       
55         194        10010101                                                                                             8     149       
56         221        10100111                                                                                             8     167       
57         424        1010000                                                                                              7     80        
58         77         1110111101                                                                                           10    957       
59         21         00100101001                                                                                          11    297       
60         0          10100110011010001111111111111111111111111111111111000111110010010010101101001                        77    2305843009095804265
61         0          1010011001101000111111111111111111111111111111111100011111001001001010111001101                      79    9223372036383217101
62         0          1010011001101000111111111111111111111111111111111100011111001001001010111001100111                   82    18446744069937081959
63         0          10100110011010000                                                                                    17    85200     
64         0          101001100110100010                                                                                   18    170402    
65         277        11100011                                                                                             8     227       
66         215        10010111                                                                                             8     151       
67         139        111010000                                                                                            9     464       
68         87         001011111                                                                                            9     95        
69         69         1110001011                                                                                           10    907       
70         83         001001011                                                                                            9     75        
71         77         1110111110                                                                                           10    958       
72         114        101001101                                                                                            9     333       
73         123        101100111                                                                                            9     359       
74         64         1011010111                                                                                           10    727       
75         39         11101111111                                                                                          11    1919      
76         303        11101110                                                                                             8     238       
77         127        101101010                                                                                            9     362       
78         114        101100100                                                                                            9     356       
79         170        00101110                                                                                             8     46        
80         68         1110001000                                                                                           10    904       
81         2          101001100111000                                                                                      15    21304     
82         85         001011110                                                                                            9     94        
83         253        10110100                                                                                             8     180       
84         167        00100110                                                                                             8     38        
85         21         10100110000                                                                                          11    1328      
86         76         1110111100                                                                                           10    956       
87         114        101100101                                                                                            9     357       
88         3          10100110001111                                                                                       14    10639     
89         39         11101111110                                                                                          11    1918      
90         5          0010010100001                                                                                        13    1185      
91         182        01010111                                                                                             8     87        
92         0          101001100110100011111111111111111111111111111111001                                                  51    1463759214215161
93         182        01010110                                                                                             8     86        
94         0          1010011001101000111111111111111111111111111111110001                                                 52    2927518428430321
95         0          1010011001101000111111111111111111111111111111111100011111011                                        61    1498889435356330235
96         0          101001100110100011111111111111111111111111111111110000111100                                         60    749444717678165052
97         3125       0111                                                                                                 4     7         
98         440        1011000                                                                                              7     88        
99         1087       111001                                                                                               6     57        
100        1624       10011                                                                                                5     19        
101        4778       1111                                                                                                 4     15        
102        710        010100                                                                                               6     20        
103        740        010110                                                                                               6     22        
104        1819       10101                                                                                                5     21        
105        2953       0110                                                                                                 4     6         
106        30         10100110010                                                                                          11    1330      
107        262        11100000                                                                                             8     224       
108        1569       10001                                                                                                5     17        
109        772        100000                                                                                               6     32        
110        2566       0001                                                                                                 4     1         
111        2462       0000                                                                                                 4     0         
112        751        010111                                                                                               6     23        
113        36         11100010011                                                                                          11    1811      
114        2810       0100                                                                                                 4     4         
115        2101       10111                                                                                                5     23        
116        2747       0011                                                                                                 4     3         
117        796        100100                                                                                               6     36        
118        528        1011011                                                                                              7     91        
119        616        001000                                                                                               6     8         
120        41         0010010101                                                                                           10    149       
121        581        1110101                                                                                              7     117       
122        32         11100010010                                                                                          11    1810      
123        0          101001100110100011111111111111111111111111111111110001111100100100101011011110                       78    4611686018191608542
124        2          101001100110101                                                                                      15    21301     
125        0          10100110011010001111111111111111111111111111111111000111110010010010101101111100                     80    18446744072766434172
126        0          1010011001101000111111111111111111111111111111111100011111001001001010111001111110                   82    18446744069937081982
127        0          1010011001101000111111111111111111111111110                                                          43    5717809430526
128        80         001001001                                                                                            9     73        
129        0          10100110011010001111111111111111111111111111110                                                      47    91484950888446
130        0          101001100110100011111111111111111111111111111110                                                     48    182969901776894
131        0          1010011001101000111110                                                                               22    2726462   
132        0          10100110011010001110                                                                                 20    681614    
133        0          101001100110100011110                                                                                21    1363230   
134        0          10100110011010001111111111111111111111111010                                                         44    11435618861050
135        0          10100110011010001111111110                                                                           26    43623422  
136        0          101001100110100011111110                                                                             24    10905854  
137        2          101001100111011                                                                                      15    21307     
138        0          1010011001101000111111110                                                                            25    21811710  
139        6          1010011001100                                                                                        13    5324      
140        0          10100110011010001111111111110                                                                        29    348987390 
141        0          1010011001101000111111111110                                                                         28    174493694 
142        0          1010011001101000111111111111111111111111111111111101                                                 52    2927518428430333
143        0          10100110011010001111111111111110                                                                     32    2791899134
144        1          1010011001110101                                                                                     16    42613     
145        0          101001100110100011111111111111110                                                                    33    5583798270
146        0          10100110011010001111111111111111111111111111111111001                                                53    5855036856860665
147        64         1011010110                                                                                           10    726       
148        10         101001100010                                                                                         12    2658      
149        0          1010011001101000111111111111111111110                                                                37    89340772350
150        0          101001100110100011111111111111111110                                                                 36    44670386174
151        0          101001100110100011111111111111111111110                                                              39    357363089406
152        0          101001100110100011111111111111111100                                                                 36    44670386172
153        0          1010011001101000111111111111111111111110                                                             40    714726178814
154        0          1010011001101000111111111111111111111111111111111100010                                              55    23420147427442658
155        0          101001100110100011111111111111111111111111101                                                        45    22871237722109
156        0          101001100110100011111111111111111111111111110                                                        45    22871237722110
157        0          1010011001101000111111111111111111111111100                                                          43    5717809430524
158        0          10100110011010001111111111111111111111111111111111000110                                             56    46840294854885318
159        0          101001100110100011111111111111111111111111111111010                                                  51    1463759214215162
160        0          101001100110100011111111111111111111111111111111111                                                  51    1463759214215167
161        0          101001100110100011111111111111111111111110110                                                        45    22871237722102
162        0          101001100110100011111111111111111111111111111111110001110                                            57    93680589709770638
163        0          101001100110100011111111111111111111111111111111011                                                  51    1463759214215163
164        0          101001100110100011111111111111111111111111111111101                                                  51    1463759214215165
165        0          101001100110100011111111111111111111111111111111100                                                  51    1463759214215164
166        0          1010011001101000111111111111111111111111111111111100011110                                           58    187361179419541278
167        0          10100110011010001111111111111111111111111011101                                                      47    91484950888413
168        0          1010011001101000111111111100                                                                         28    174493692 
169        1          1010011001110100                                                                                     16    42612     
170        0          10100110011010001111111111111111111111111011110                                                      47    91484950888414
171        6          1010011000110                                                                                        13    5318      
172        0          10100110011010001111111111011                                                                        29    348987387 
173        0          10100110011010001111111111010                                                                        29    348987386 
174        1          1010011001110011                                                                                     16    42611     
175        0          1010011001101000111111111111111111011                                                                37    89340772347
176        0          1010011001101000111111111111111111111111101110000                                                    49    365939803553648
177        0          1010011001101000111111111111111111111111111111111100000                                              55    23420147427442656
178        0          10100110011010001111111111111111111111111111111111000111110100                                       62    2997778870712660468
179        0          10100110011010001111111111111111110101                                                               38    178681544693
180        0          10100110011010001111111111111111111111111011100010                                                   50    731879607107298
181        0          10100110011010001111111111111111111111111111111111000010                                             56    46840294854885314
182        0          101001100110100011111111111111111111111111111111110001111101010                                      63    5995557741425320938
183        0          101001100110100011111111111111111111111110111000110                                                  51    1463759214214598
184        0          101001100110100011111111111111111111111111111111110000111111111                                      63    5995557741425320447
185        0          101001100110100011111111111111111111111111111111110000110                                            57    93680589709770630
186        0          1010011001101000111111111111111111111111111111111100011111010110                                     64    11991115482850641878
187        0          1010011001101000111111111111111111111111101110001110                                                 52    2927518428429198
188        0          1010011001101000111111111111111111111111111111111100011111001000                                     64    11991115482850641864
189        0          1010011001101000111111111111111111111111111111111100001110                                           58    187361179419541262
190        0          10100110011010001111111111111111111111111111111111000111110010011                                    65    5535486891991732115
191        0          101001100110100011111111111111111111111111111111110000111110                                         60    749444717678165054
192        0          10100110011010001111111111111111111111111111111111000011111111010                                    65    5535486891991730170
193        0          101001100110100011111111111111111111111111111111110001111100111100                                   66    11070973783983464252
194        1          1010011001110010                                                                                     16    42610     
195        9          1010011001111                                                                                        13    5327      
196        0          1010011001101000111111111111111111111111111111111100001111011                                        61    1498889435356330107
197        0          1010011001101000111111111111111111111111111111111100001111110                                        61    1498889435356330110
198        0          1010011001101000111111111111111111111111111111111100011111001001010                                  67    3695203494257376842
199        0          101001100110100011111111111111111111111111111111110001111100101                                      63    5995557741425320933
200        0          10100110011010001111111111111111111111111111111111000011111110                                       62    2997778870712660222
201        0          101001100110100011111111111111111111111111111111110001111100110                                      63    5995557741425320934
202        0          10100110011010001111111111111111111111111111111111000111110010010011                                 68    7390406988514753683
203        1          1010011001101001                                                                                     16    42601     
204        0          10100110011010001111111111111111111111111111111111000111110101111                                    65    5535486891991732143
205        0          1010011001101000111111111111111111111111111111111100001111111100                                     64    11991115482850640892
206        0          101001100110100011111111111111111111111111111111110001111100100101100                                69    14780813977029507372
207        0          1010011001101000111111111111111111111111111111111100011111001111011                                  67    3695203494257376891
208        0          101001100110100011111111111111111111111111111111110000111111110111                                   66    11070973783983460343
209        0          101001100110100011111111111111111111111111111111110000111111110110                                   66    11070973783983460342
210        0          101001100110100011111111111111111111111111111111110001111100111011                                   66    11070973783983464251
211        0          10100110011010001111111111111111111111111111111111000111110011110101                                 68    7390406988514753781
212        0          1010011001101000111111111111111111111111111111111100011111001001000                                  67    3695203494257376840
213        0          10100110011010001111111111111111111111111111111111000111110000                                       62    2997778870712660464
214        0          10100110011010001111111111111111111111111111111111000111110010010010100                              71    3783023686989374612
215        0          101001100110100011111111111111111111111111111111110001111100100101111                                69    14780813977029507375
216        0          101001100110100011111111111111111111111111111111110001111100011                                      63    5995557741425320931
217        0          101001100110100011111111111111111111111111111111110001111100010                                      63    5995557741425320930
218        0          101001100110100011111111111111111111111111111111110001111100100100101010                             72    7566047373978749226
219        0          1010011001101000111111111111111111111111111111111100011111001001011101                               70    11114883880349463133
220        0          101001100110100011111111111111111111111111111111110001111100100100100                                69    14780813977029507364
221        0          10100110011010001111111111111111111111111111111111000111110011100                                    65    5535486891991732124
222        0          101001100110100011111111111111111111111111111111110001111100111010111                                69    14780813977029507543
223        0          1010011001101000111111111111111111111111111111111100011111001001001011000                            73    15132094747957498456
224        0          101001100110100011111111111111111111111111111111110001111100100100101101                             72    7566047373978749229
225        0          101001100110100011111111111111111111111111111111110001111100100100101110                             72    7566047373978749230
226        80         001001000                                                                                            9     72        
227        0          1010011001101000111111111111111111111111111111111100011111001001001011001                            73    15132094747957498457
228        0          10100110011010001111111111111111111111111111111111000111110011101010                                 68    7390406988514753770
229        0          1010011001101000111111111111111111111111111111111100011111001001001011110                            73    15132094747957498462
230        0          10100110011010001111111111111111111111111111111111000111110011101011011                              71    3783023686989375323
231        0          10100110011010001111111111111111111111111111111111000111110010010010101111                           74    11817445422205445295
232        0          10100110011010001111111111111111111111111111111111000111110010010010111111                           74    11817445422205445311
233        0          10100110011010001111111111111111111111111111111111000111110010010010111110                           74    11817445422205445310
234        0          101001100110100011111111111111111111111111111111110001111100111010110101                             72    7566047373978750645
235        0          10100110011010001111111111111111111111111111111111000111110011101001                                 68    7390406988514753769
236        0          10100110011010001111111111111111111111111111111111000111110010010010101100                           74    11817445422205445292
237        0          1010011001101000111111111111111111111111111111111100011111001110101100                               70    11114883880349463468
238        0          1010011001101000111111111111111111111111111111111100011111001110101101000                            73    15132094747957501288
239        0          1010011001101000111111111111111111111111111111111100011111001001001010110101                         76    10376293541402677941
240        0          1010011001101000111111111111111111111111111111111100011111001001001010111000                         76    10376293541402677944
241        0          1010011001101000111111111111111111111111111111111100011111001001001010110110                         76    10376293541402677942
242        0          10100110011010001111111111111111111111111111111111000111110011101011010010                           74    11817445422205450962
243        0          10100110011010001111111111111111111111111111111111000111110010010010101110010                        77    2305843009095804274
244        0          1010011001101000111111111111111111111111111111111100011111001001001010110111111                      79    9223372036383217087
245        0          10100110011010001111111111111111111111111111111111000111110010010010101101110                        77    2305843009095804270
246        0          101001100110100011111111111111111111111111111111110001111100111010110100110                          75    5188146770701350310
247        0          10100110011010001111111111111111111111111111111111000111110010010010101110011110                     80    18446744072766434206
248        0          10100110011010001111111111111111111111111111111111000111110010010010101110011000                     80    18446744072766434200
249        0          1010011001101000111111111111111111111111111111111100011111001001001010111001110                      79    9223372036383217102
250        0          1010011001101000111111111111111111111111111111111100011111001110101101001110                         76    10376293541402700622
251        0          101001100110100011111111111111111111111111111111110001111100100100101011100111110                    81    18446744071823316798
252        0          101001100110100011111111111111111111111111111111110001111100100100101011100110010                    81    18446744071823316786
253        0          10100110011010001111111111111111111111111111111111000111110011101011010011110                        77    2305843009095849630
254        0          1010011001101000111111111111111111111111111111111100011111001001001010111001111111                   82    18446744069937081983
255        0          10100110011010001111111111111111111111111111111111000111110011101011010011111                        77    2305843009095849631
